free_thresh: 0.196
image: guncelLab_v_2.pgm
negate: 0
occupied_thresh: 0.65
origin: [-0.1999999999999993, -0.3999999999999986, 0.0]
resolution: 0.1
